The source file is C:/Users/satke569/OneDrive - University of Otago/Documents/CloudDiff/Experiment Data/EinScan/EinScan_source.ply

The target file is C:/Users/satke569/OneDrive - University of Otago/Documents/CloudDiff/Experiment Data/EinScan/Mx.ply


The convariance matrix is 
 [[497.24783337 107.88492054 -60.34670239]
 [107.88492054 881.86313883 -10.6043179 ]
 [-60.34670239 -10.6043179  250.58100662]]

Sorted eigenvectors are 
[[ 0.25741276  0.93745783  0.234332  ]
 [ 0.96551333 -0.25931825 -0.02319586]
 [-0.03902143 -0.23222158  0.97187986]]

The principal components selected are: 
[[ 0.25741276  0.93745783  0.234332  ]
 [ 0.96551333 -0.25931825 -0.02319586]
 [-0.03902143 -0.23222158  0.97187986]]

The convariance matrix is 
 [[ 496.22699892 -107.01220436   61.25191136]
 [-107.01220436  882.17782561  -10.4607421 ]
 [  61.25191136  -10.4607421   251.28715429]]

Sorted eigenvectors are 
[[ 0.25511096 -0.93697278 -0.23874758]
 [-0.96612438 -0.25697338 -0.02384047]
 [ 0.0390139  -0.23674182  0.97078897]]

The principal components selected are: 
[[ 0.25511096 -0.93697278 -0.23874758]
 [-0.96612438 -0.25697338 -0.02384047]
 [ 0.0390139  -0.23674182  0.97078897]]
Axes 1

[[ 0.25741276  0.93745783  0.234332  ]
 [ 0.96551333 -0.25931825 -0.02319586]
 [ 0.03902143  0.23222158 -0.97187986]]

Axes 1 det: 1.0000000000000002
Axes 2

[[ 0.25511096 -0.93697278 -0.23874758]
 [-0.96612438 -0.25697338 -0.02384047]
 [-0.0390139   0.23674182 -0.97078897]]

Axes 2 det: 1.0

The calculated rotation axis is 
[-0.00858469  0.24471305 -0.96955754]

The calculated rotation angle is 
2.623266880156712

The final rotation matrix is 
[[-0.86851214  0.47641888  0.13679076]
 [-0.48427015 -0.75674674 -0.4391091 ]
 [-0.10568391 -0.44761526  0.88795917]]

The calculated rotation axis is 
[ 4.42473033e-04  9.07279043e-02 -9.95875621e-01]

The calculated rotation angle is 
2.6171738210060997

The final rotation matrix is 
[[ 0.50556761 -0.80976623 -0.29779193]
 [ 0.8626068   0.48145348  0.15528056]
 [ 0.01763201 -0.33538216  0.94191715]]

The calculated rotation axis is 
[0.05948304 0.97035597 0.23424573]

The calculated rotation angle is 
0.0781936682703777

The final rotation matrix is 
[[ 0.48973378 -0.84146107 -0.22826323]
 [ 0.87172315  0.46773314  0.14602898]
 [-0.01611142 -0.27049767  0.96258581]]
R

[[ 0.48973378 -0.84146107 -0.22826323]
 [ 0.87172315  0.46773314  0.14602898]
 [-0.01611142 -0.27049767  0.96258581]]

R det: 0.9999999999999996
