The source file is C:/Users/satke569/OneDrive - University of Otago/Documents/CloudDiff/Experiment Data/EinScan/EinScan_source.ply

The target file is C:/Users/satke569/OneDrive - University of Otago/Documents/CloudDiff/Experiment Data/EinScan/My.ply


The convariance matrix is 
 [[497.24783337 107.88492054 -60.34670239]
 [107.88492054 881.86313883 -10.6043179 ]
 [-60.34670239 -10.6043179  250.58100662]]

Sorted eigenvectors are 
[[ 0.25741276  0.93745783  0.234332  ]
 [ 0.96551333 -0.25931825 -0.02319586]
 [-0.03902143 -0.23222158  0.97187986]]

The principal components selected are: 
[[ 0.25741276  0.93745783  0.234332  ]
 [ 0.96551333 -0.25931825 -0.02319586]
 [-0.03902143 -0.23222158  0.97187986]]

The convariance matrix is 
 [[ 496.22699892 -107.01220436  -61.25191136]
 [-107.01220436  882.17782561   10.4607421 ]
 [ -61.25191136   10.4607421   251.28715429]]

Sorted eigenvectors are 
[[ 0.25511096 -0.93697278  0.23874758]
 [-0.96612438 -0.25697338  0.02384047]
 [-0.0390139   0.23674182  0.97078897]]

The principal components selected are: 
[[ 0.25511096 -0.93697278  0.23874758]
 [-0.96612438 -0.25697338  0.02384047]
 [-0.0390139   0.23674182  0.97078897]]
Axes 1

[[ 0.25741276  0.93745783  0.234332  ]
 [ 0.96551333 -0.25931825 -0.02319586]
 [ 0.03902143  0.23222158 -0.97187986]]

Axes 1 det: 1.0000000000000002
Axes 2

[[ 0.25511096 -0.93697278  0.23874758]
 [-0.96612438 -0.25697338  0.02384047]
 [ 0.0390139  -0.23674182 -0.97078897]]

Axes 2 det: 1.0

The calculated rotation axis is 
[ 0.67826429 -0.0025639  -0.73481357]

The calculated rotation angle is 
2.429134777736355

The final rotation matrix is 
[[ 0.05142553  0.47728951 -0.87724007]
 [-0.48339952 -0.75674591 -0.44006877]
 [-0.87388805  0.4466882   0.19180546]]

The calculated rotation axis is 
[-0.02434473 -0.00121936 -0.99970288]

The calculated rotation angle is 
2.619386919910474

The final rotation matrix is 
[[-0.32475658 -0.7705163   0.54848682]
 [ 0.38073082  0.42435458  0.82156389]
 [-0.86578127  0.47563412  0.15554736]]

The calculated rotation axis is 
[-9.99194200e-01 -7.73346163e-05 -4.01365875e-02]

The calculated rotation angle is 
0.47337203902720093

The final rotation matrix is 
[[-0.32151684 -0.76053063  0.56410999]
 [-0.0495796   0.60844547  0.79204543]
 [-0.94560498  0.2266876  -0.23333227]]
R

[[-0.32151684 -0.76053063  0.56410999]
 [-0.0495796   0.60844547  0.79204543]
 [-0.94560498  0.2266876  -0.23333227]]

R det: 1.0000000000000002
