The source file is C:/Users/satke569/OneDrive - University of Otago/Documents/CloudDiff/Experiment Data/EinScan/EinScan_odd.ply

The target file is C:/Users/satke569/OneDrive - University of Otago/Documents/CloudDiff/Experiment Data/EinScan/EinScan_odd_mirrored.ply


The convariance matrix is 
 [[496.22699892 107.01220436 -61.25191136]
 [107.01220436 882.17782561 -10.4607421 ]
 [-61.25191136 -10.4607421  251.28715429]]

Sorted eigenvectors are 
[[ 0.25511096  0.93697278  0.23874758]
 [ 0.96612438 -0.25697338 -0.02384047]
 [-0.0390139  -0.23674182  0.97078897]]

The principal components selected are: 
[[ 0.25511096  0.93697278  0.23874758]
 [ 0.96612438 -0.25697338 -0.02384047]
 [-0.0390139  -0.23674182  0.97078897]]

The convariance matrix is 
 [[ 496.22699892 -107.01220436   61.25191136]
 [-107.01220436  882.17782561  -10.4607421 ]
 [  61.25191136  -10.4607421   251.28715429]]

Sorted eigenvectors are 
[[ 0.25511096 -0.93697278 -0.23874758]
 [-0.96612438 -0.25697338 -0.02384047]
 [ 0.0390139  -0.23674182  0.97078897]]

The principal components selected are: 
[[ 0.25511096 -0.93697278 -0.23874758]
 [-0.96612438 -0.25697338 -0.02384047]
 [ 0.0390139  -0.23674182  0.97078897]]
Axes 1

[[ 0.25511096  0.93697278  0.23874758]
 [ 0.96612438 -0.25697338 -0.02384047]
 [ 0.0390139   0.23674182 -0.97078897]]

Axes 1 det: 1.0
Axes 2

[[ 0.25511096 -0.93697278 -0.23874758]
 [-0.96612438 -0.25697338 -0.02384047]
 [-0.0390139   0.23674182 -0.97078897]]

Axes 2 det: 1.0
This should be rotation matrix stuff
Axes:
[[ 0.25511096  0.93697278  0.23874758]
 [ 0.96612438 -0.25697338 -0.02384047]
 [ 0.0390139   0.23674182 -0.97078897]]
Target:
[[ 0.25511096 -0.93697278 -0.23874758]
 [-0.96612438 -0.25697338 -0.02384047]
 [-0.0390139   0.23674182 -0.97078897]]
Transpose:
[[ 0.25511096 -0.96612438 -0.0390139 ]
 [-0.93697278 -0.25697338  0.23674182]
 [-0.23874758 -0.02384047 -0.97078897]]
Product:
[[-0.8698368  -0.49293783 -0.01990575]
 [ 0.49293783 -0.86679263 -0.07538456]
 [ 0.01990575 -0.07538456  0.99695583]]
Identity:
[[ 1.00000000e+00  1.35428030e-16  4.47697584e-16]
 [ 1.35428030e-16  1.00000000e+00 -1.23391554e-16]
 [ 4.47697584e-16 -1.23391554e-16  1.00000000e+00]]
R

[[-0.8698368  -0.49293783 -0.01990575]
 [ 0.49293783 -0.86679263 -0.07538456]
 [ 0.01990575 -0.07538456  0.99695583]]

R det: 1.0000000000000007
