The source file is C:/Users/satke569/OneDrive - University of Otago/Documents/CloudDiff/Experiment Data/EinScan/EinScan_source.ply

The target file is C:/Users/satke569/OneDrive - University of Otago/Documents/CloudDiff/Experiment Data/EinScan/Mz.ply


The convariance matrix is 
 [[497.24783337 107.88492054 -60.34670239]
 [107.88492054 881.86313883 -10.6043179 ]
 [-60.34670239 -10.6043179  250.58100662]]

Sorted eigenvectors are 
[[ 0.25741276  0.93745783  0.234332  ]
 [ 0.96551333 -0.25931825 -0.02319586]
 [-0.03902143 -0.23222158  0.97187986]]

The principal components selected are: 
[[ 0.25741276  0.93745783  0.234332  ]
 [ 0.96551333 -0.25931825 -0.02319586]
 [-0.03902143 -0.23222158  0.97187986]]

The convariance matrix is 
 [[496.22699892 107.01220436  61.25191136]
 [107.01220436 882.17782561  10.4607421 ]
 [ 61.25191136  10.4607421  251.28715429]]

Sorted eigenvectors are 
[[ 0.25511096  0.93697278 -0.23874758]
 [ 0.96612438 -0.25697338  0.02384047]
 [ 0.0390139   0.23674182  0.97078897]]

The principal components selected are: 
[[ 0.25511096  0.93697278 -0.23874758]
 [ 0.96612438 -0.25697338  0.02384047]
 [ 0.0390139   0.23674182  0.97078897]]
Axes 1

[[ 0.25741276  0.93745783  0.234332  ]
 [ 0.96551333 -0.25931825 -0.02319586]
 [ 0.03902143  0.23222158 -0.97187986]]

Axes 1 det: 1.0000000000000002
Axes 2

[[ 0.25511096  0.93697278 -0.23874758]
 [ 0.96612438 -0.25697338  0.02384047]
 [-0.0390139  -0.23674182 -0.97078897]]

Axes 2 det: 1.0

The calculated rotation axis is 
[-0.9645797   0.2637545   0.00442281]

The calculated rotation angle is 
0.4776120637819744

The final rotation matrix is 
[[ 0.99221299 -0.03050296  0.12075993]
 [-0.02643699  0.89587992  0.44350903]
 [-0.12171474 -0.44324795  0.88809728]]

The calculated rotation axis is 
[-0.2578915  -0.96480314  0.05144789]

The calculated rotation angle is 
0.047103053775484335

The final rotation matrix is 
[[ 0.99677351 -0.01225182  0.07932503]
 [-0.02522883  0.89037094  0.45453613]
 [-0.0761976  -0.45507085  0.88718907]]

The calculated rotation axis is 
[-9.86436681e-01  1.64141786e-01 -3.85748664e-04]

The calculated rotation angle is 
0.48000781094515516

The final rotation matrix is 
[[ 0.98841679 -0.062861    0.1381331 ]
 [-0.07558014  0.58539673  0.80721639]
 [-0.13160509 -0.80830635  0.57386491]]
R

[[ 0.98841679 -0.062861    0.1381331 ]
 [-0.07558014  0.58539673  0.80721639]
 [-0.13160509 -0.80830635  0.57386491]]

R det: 0.9999999999999998
