The source file is C:/Users/satke569/OneDrive - University of Otago/Documents/CloudDiff/Experiment Data/EinScan/EinScan_source.ply

The target file is C:/Users/satke569/OneDrive - University of Otago/Documents/CloudDiff/Experiment Data/EinScan/Rz40Rym40.ply


The convariance matrix is 
 [[497.24783337 107.88492054 -60.34670239]
 [107.88492054 881.86313883 -10.6043179 ]
 [-60.34670239 -10.6043179  250.58100662]]

Sorted eigenvectors are 
[[ 0.25741276  0.93745783  0.234332  ]
 [ 0.96551333 -0.25931825 -0.02319586]
 [-0.03902143 -0.23222158  0.97187986]]

The principal components selected are: 
[[ 0.25741276  0.93745783  0.234332  ]
 [ 0.96551333 -0.25931825 -0.02319586]
 [-0.03902143 -0.23222158  0.97187986]]

The convariance matrix is 
 [[ 497.6145857   179.97381295 -260.33897858]
 [ 179.97381295  617.32579261 -110.08024594]
 [-260.33897858 -110.08024594  514.75160052]]

Sorted eigenvectors are 
[[-0.60035099 -0.2711288  -0.75237481]
 [-0.57611205  0.79912752  0.17172684]
 [ 0.55468333  0.53654857 -0.63595757]]

The principal components selected are: 
[[-0.60035099 -0.2711288  -0.75237481]
 [-0.57611205  0.79912752  0.17172684]
 [ 0.55468333  0.53654857 -0.63595757]]
Axes 1

[[ 0.25741276  0.93745783  0.234332  ]
 [ 0.96551333 -0.25931825 -0.02319586]
 [ 0.03902143  0.23222158 -0.97187986]]

Axes 1 det: 0.9999999999999998
Axes 2

[[-0.60035099 -0.2711288  -0.75237481]
 [-0.57611205  0.79912752  0.17172684]
 [ 0.55468333  0.53654857 -0.63595757]]

Axes 2 det: 0.9999999999999998

The calculated rotation axis is 
[-0.79132911  0.06533659  0.60788928]

The calculated rotation angle is 
2.195695273458812

The final rotation matrix is 
[[ 4.07524056e-01 -5.74961373e-01 -7.09467098e-01]
 [ 4.11062076e-01 -5.78249094e-01  7.04738217e-01]
 [-8.15445960e-01 -5.78832795e-01  6.94398950e-04]]

The calculated rotation axis is 
[-0.04054807 -0.23777981  0.97047237]

The calculated rotation angle is 
2.4456591502598117

The final rotation matrix is 
[[-0.37929635  0.91799912  0.11580972]
 [ 0.29748689  0.2395063  -0.92419602]
 [-0.87614829 -0.3160923  -0.36393657]]

The calculated rotation axis is 
[ 0.5796435  -0.79751423 -0.16728559]

The calculated rotation angle is 
0.7008147637903914

The final rotation matrix is 
[[ 0.15034094  0.94385765  0.29416039]
 [ 0.65414385  0.12812737 -0.74543893]
 [-0.74127824  0.3044932  -0.59815589]]
R

[[ 0.15034094  0.94385765  0.29416039]
 [ 0.65414385  0.12812737 -0.74543893]
 [-0.74127824  0.3044932  -0.59815589]]

R det: 1.0000000000000002
